len = 16 k = 6 L = 16 subcode d = 6
1.00		0.1160092807
1.25		0.0961538462
1.50		0.0745156483
1.75		0.0801924619
2.00		0.0478011472
2.25		0.0454132607
2.50		0.0340947835
2.75		0.0260552371
3.00		0.0168208579

Time: 4

len = 16 k = 6 L = 16 arikan Polar
1.00		0.1184834123
1.25		0.1128668172
1.50		0.0967117988
1.75		0.0782472613
2.00		0.0689179876
2.25		0.0548546352
2.50		0.0478468900
2.75		0.0426985482
3.00		0.0401123145

Time: 3

len = 64 k = 36 L = 16 subcode d = 12
1.00		0.2832861190
1.25		0.2538071066
1.50		0.1531393568
1.75		0.1179245283
2.00		0.0836820084
2.25		0.0615384615
2.50		0.0434782609
2.75		0.0250878073
3.00		0.0132502981

Time: 30

len = 64 k = 36 L = 16 arikan Polar
1.00		0.3048780488
1.25		0.2531645570
1.50		0.2127659574
1.75		0.1689189189
2.00		0.1209189843
2.25		0.1162790698
2.50		0.0746825990
2.75		0.0548245614
3.00		0.0401123145

Time: 10

len = 1024 k = 512 L = 16 arikan Polar

1.00		0.4587155963
1.25		0.2840909091
1.50		0.1808318264
1.75		0.1077586207
2.00		0.0533333333
2.25		0.0325626832
2.50		0.0188040617
2.75		0.0114337983
3.00		0.0055844083

Time: 741

