Значения верхней границы Полтырева

(64,22) код Рида-Маллера
1.0			0.1200
2.0			0.0276
3.0			0.0033
4.0			0.00019099
5.0			4.9115e-06

(64,22,10) Опт. весовой спектр (подход 2)
1.0			0.110624
2.0			0.0246767
3.0			0.00293731
4.0			0.000185959
5.0			1.36728e-06

(64,18) БЧХ код
1.0			0.0723
2.0			0.0150
3.0 		0.0016
4.0			7.0748e-05
5.0			1.1103e-06

(64,18,10) Опт. весовой спектр (подход 2)
1.0			0.116765
2.0			0.0309615
3.0 		0.0047889
4.0			0.000408786
5.0			1.82616e-05

(64,18,12) Опт. весовой спектр (подход 2)
1.0			0.116765
2.0			0.0309615
3.0 		0.0047889
4.0			0.000408786
5.0			1.82616e-05

(64,16) БЧХ код
1.0			0.0700
2.0			0.0155
3.0 		0.0018
4.0			9.4521e-05
5.0			1.9522e-06

(64,16,12) Опт. весовой спектр (подход 2)
1.0			0.1394
2.0			0.0429098
3.0 		0.00823254
4.0			0.000930762
5.0			5.97519e-05

(64,24) БЧХ код
1.0			0.1096
2.0			0.0224
3.0 		0.0021
4.0			8.5686e-05
5.0			1.3548e-06

(64,24,12) Опт. весовой спектр (подход 2)
1.0			0.104619
2.0			0.0210649
3.0 		0.00205974
4.0			9.38011e-05
5.0			2.45527e-06

(64,24,10) Опт. весовой спектр (подход 2)
1.0			0.10493
2.0			0.0212531
3.0 		0.00206881
4.0			9.51409e-05
5.0			2.4677e-06
